9
0.0004849544 0.0013180469 0.0026921243 0.0041323173 0.0047667953 0.0041323173 0.0026921243 0.0013180469 0.0004849544 
0.0013180469 0.0035822906 0.0073168651 0.0112311335 0.0129555673 0.0112311335 0.0073168651 0.0035822906 0.0013180469 
0.0026921243 0.0073168651 0.0149447716 0.0229397048 0.0264618786 0.0229397048 0.0149447716 0.0073168651 0.0026921243 
0.0041323173 0.0112311335 0.0229397048 0.0352116493 0.0406180636 0.0352116493 0.0229397048 0.0112311335 0.0041323173 
0.0047667953 0.0129555673 0.0264618786 0.0406180636 0.0468545814 0.0406180636 0.0264618786 0.0129555673 0.0047667953 
0.0041323173 0.0112311335 0.0229397048 0.0352116493 0.0406180636 0.0352116493 0.0229397048 0.0112311335 0.0041323173 
0.0026921243 0.0073168651 0.0149447716 0.0229397048 0.0264618786 0.0229397048 0.0149447716 0.0073168651 0.0026921243 
0.0013180469 0.0035822906 0.0073168651 0.0112311335 0.0129555673 0.0112311335 0.0073168651 0.0035822906 0.0013180469 
0.0004849544 0.0013180469 0.0026921243 0.0041323173 0.0047667953 0.0041323173 0.0026921243 0.0013180469 0.0004849544 